%YAML:1.0
rotation:
   x: 0.
   y: 0.
   z: 0.
translation:
   x: 0.
   y: 1.309016
   z: -13.27