%YAML:1.0
rotation:
   x: 0.
   y: -1.0472
   z: 0.
translation:
   x: 16.6917756
   y: 1.309016
   z: -3.575264